%YAML:1.0
---
camera_name: chichony_integrated_camera
image_width: 960
image_height: 540
camera_matrix: !!opencv-matrix
   rows: 3
   cols: 3
   dt: d
   data: [ 5.3125663338960694e+03, 0., 2.4223185469425981e+00, 0.,
       5.7169437061322997e+03, 3.0866454002697633e+01, 0., 0., 1. ]
distortion_coefficients: !!opencv-matrix
   rows: 1
   cols: 5
   dt: d
   data: [ 2.3823368056139933e+00, -9.5885625389373672e+00,
       -9.4000127002389182e-03, -2.2330839623343096e-01,
       -2.9914298420396216e+02 ]
rotation_vectors: !!opencv-matrix
   rows: 18
   cols: 1
   dt: "3d"
   data: [ -5.7951312288427770e-01, 6.8316511419954720e-02,
       -2.3671608221117909e-02, 4.4710207435372706e-01,
       1.0850836976196424e-01, -7.1127072222543358e-02,
       4.5413616555385361e-01, 1.0708803512577204e-01,
       -6.3222470622170318e-02, 4.5306430150572696e-01,
       1.0164671227803485e-01, -6.1739052191626932e-02,
       -5.4178679522041651e-01, 7.1292481603238783e-02,
       -2.8558750221212684e-02, 4.3829944539267784e-01,
       1.0428290691561243e-01, -7.1371647478601738e-02,
       -5.6231157997475467e-01, 6.7594881871076443e-02,
       -4.4543089307530016e-02, -5.7057810745818127e-01,
       7.4090609737626448e-02, -1.3325467493131410e-02,
       -5.6731115444812075e-01, 7.9923965479091211e-02,
       -1.6951690840559131e-02, -5.6786598586754888e-01,
       7.7183155040132664e-02, -1.3201547085610161e-02,
       -5.7170612244004693e-01, 7.8710133260070189e-02,
       -1.0145981375864316e-03, -5.6180683528493325e-01,
       6.0086182975256336e-02, -7.2335392750198388e-02,
       -5.5589335612650903e-01, 6.6129928717517647e-02,
       -6.6454397824386946e-02, -5.6226785312951111e-01,
       5.9418814091358178e-02, -5.5264443930652343e-02,
       -5.6245231506575100e-01, 6.5998721789631176e-02,
       -4.7845525367980500e-02, -5.6123946483706200e-01,
       6.8663557762344424e-02, -3.0205461960611659e-02,
       -5.5766093290848073e-01, 7.5156234509516875e-02,
       2.4756215581733174e-03, -5.5892773579609722e-01,
       6.7750223565030201e-02, -2.1432190342314028e-02 ]
translation_vectors: !!opencv-matrix
   rows: 18
   cols: 1
   dt: "3d"
   data: [ 1.7016435946557706e-01, 1.2539105300552225e-01,
       2.7279170150668346e+00, 1.6035960002177591e-01,
       1.0955604477508354e-01, 2.5837102537329049e+00,
       1.6154213319213884e-01, 1.0181386768600655e-01,
       2.5544143729992417e+00, 1.6024395233207983e-01,
       8.8104535279548035e-02, 2.5464184100134477e+00,
       1.7071124770837853e-01, 1.0419410638385498e-01,
       2.6514704719959554e+00, 1.9346561492085523e-01,
       1.3139686143167661e-01, 2.8906414352114758e+00,
       2.3259485003330180e-01, 1.7762071328963827e-01,
       3.4061118943085202e+00, 2.5097215226495134e-01,
       1.9277625533582751e-01, 3.6196348907825260e+00,
       2.5296650508213087e-01, 2.0536529713945564e-01,
       3.7398270684940926e+00, 2.4600904564113854e-01,
       2.1078168912618478e-01, 3.7344051545957719e+00,
       2.4496437733708482e-01, 2.1219878669682560e-01,
       3.7231514316276053e+00, 2.0624093256916123e-01,
       1.7649370881394777e-01, 3.0987505110954570e+00,
       2.0533528565169437e-01, 1.7605717163730250e-01,
       3.0772727114453797e+00, 2.0576561096571275e-01,
       1.7518408180102318e-01, 3.0748583722490688e+00,
       2.0716943194627993e-01, 1.7318834780256898e-01,
       3.0435613785495170e+00, 2.0396177723276229e-01,
       1.7012838760516080e-01, 2.9869556665898611e+00,
       2.1972656052219447e-01, 1.9884491687442110e-01,
       3.3434113791004352e+00, 2.3006605596610516e-01,
       1.9917830105630516e-01, 3.4136265150061416e+00 ]
